1763476717219 1.47511 0
1763477141708 1.59023 1
1763477563083 1.56547 2
1763477986775 1.53649 3
1763478405437 1.45651 4
1763478828318 1.40039 5
1763479245985 1.36312 6
1763479666015 1.32044 7
1763480111826 1.29557 8
1763480530382 1.26273 9
1763480961476 1.25485 10
1763481379642 1.21693 11
1763481802495 1.18815 12
1763482203192 1.19107 13
1763482621316 1.16416 14
1763483054346 1.22178 15
1763483466578 1.17618 16
1763483885335 1.14681 17
1763484311331 1.09637 18
1763484731181 1.07009 19
1763485189198 1.04132 20
1763485629304 1.01155 21
1763486051972 0.99128 22
1763486480781 0.96919 23
1763486903201 0.93976 24
