1763476717219 2.52348 0
1763477141708 2.07492 1
1763477563083 1.94391 2
1763477986775 1.88296 3
1763478405437 1.78029 4
1763478828318 1.71682 5
1763479245985 1.65242 6
1763479666015 1.57525 7
1763480111826 1.55012 8
1763480530382 1.50612 9
1763480961476 1.47507 10
1763481379642 1.44116 11
1763481802495 1.40849 12
1763482203192 1.40451 13
1763482621316 1.34444 14
1763483054346 1.46396 15
1763483466578 1.39684 16
1763483885335 1.34979 17
1763484311331 1.30962 18
1763484731181 1.2645 19
1763485189198 1.23752 20
1763485629304 1.19359 21
1763486051972 1.15755 22
1763486480781 1.12506 23
1763486903201 1.10733 24
