1763476717219 1.52288 0
1763477141708 1.5888 1
1763477563083 1.57882 2
1763477986775 1.56361 3
1763478405437 1.51222 4
1763478828318 1.48064 5
1763479245985 1.45352 6
1763479666015 1.42467 7
1763480111826 1.41122 8
1763480530382 1.38769 9
1763480961476 1.38087 10
1763481379642 1.36651 11
1763481802495 1.34572 12
1763482203192 1.35042 13
1763482621316 1.32631 14
1763483054346 1.54173 15
1763483466578 1.49592 16
1763483885335 1.4767 17
1763484311331 1.44346 18
1763484731181 1.42719 19
1763485189198 1.40237 20
1763485629304 1.38647 21
1763486051972 1.37095 22
1763486480781 1.35493 23
1763486903201 1.33768 24
