1763476717219 3.04225 0
1763477141708 2.87801 1
1763477563083 2.85236 2
1763477986775 2.81715 3
1763478405437 2.77851 4
1763478828318 2.70066 5
1763479245985 2.64563 6
1763479666015 2.62255 7
1763480111826 2.60297 8
1763480530382 2.53319 9
1763480961476 2.50113 10
1763481379642 2.48814 11
1763481802495 2.47138 12
1763482203192 2.43523 13
1763482621316 2.39395 14
1763483054346 2.12521 15
1763483466578 2.07951 16
1763483885335 2.05284 17
1763484311331 2.01709 18
1763484731181 1.98656 19
1763485189198 1.96469 20
1763485629304 1.93482 21
1763486051972 1.90364 22
1763486480781 1.88563 23
1763486903201 1.85423 24
