1763476717219 0.0005531523378582202 0
1763477141708 0.0010649097719457013 1
1763477563083 0.0015326584060331829 2
1763477986775 0.0014689604 3
1763478405437 0.0014029472000000002 4
1763478828318 0.0013369340000000001 5
1763479245985 0.0012709208 6
1763479666015 0.0012049076 7
1763480111826 0.0011388944 8
1763480530382 0.0010728812000000002 9
1763480961476 0.001006868 10
1763481379642 0.0009408548 11
1763481802495 0.0008748416000000001 12
1763482203192 0.0008088284 13
1763482621316 0.0007428151999999999 14
1763483054346 0.0006768020000000001 15
1763483466578 0.0006107888000000001 16
1763483885335 0.0005447756 17
1763484311331 0.00047876240000000006 18
1763484731181 0.0004127492 19
1763485189198 0.00034673599999999994 20
1763485629304 0.00028072280000000007 21
1763486051972 0.0002147096 22
1763486480781 0.00014869639999999995 23
1763486903201 8.268320000000008e-05 24
