1763572772872 0.0006636500754147813 0
1763573288636 0.0012776361990950225 1
1763573687437 0.0018388223227752641 2
1763574083033 0.0017624 3
1763574352852 0.0016832000000000001 4
1763574808928 0.0016040000000000002 5
1763575207686 0.0015248 6
1763575566740 0.0014456 7
1763575857134 0.0013663999999999998 8
1763576401968 0.0012872 9
1763576755507 0.001208 10
1763577177585 0.0011288000000000001 11
1763577621736 0.0010496000000000001 12
1763577997675 0.0009704 13
1763578220399 0.0008911999999999999 14
1763578529480 0.0008120000000000001 15
1763578713132 0.0007328 16
