1763476732342 0.04677 0
1763477151134 0.08145 1
1763477574176 0.1364 2
1763477997749 0.12448 3
1763478415817 0.20696 4
1763478838764 0.18682 5
1763479256741 0.31465 6
1763479677203 0.34691 7
1763480120295 0.26193 8
1763480541138 0.37051 9
1763480969569 0.337 10
1763481390097 0.41303 11
1763481809870 0.26111 12
1763482213454 0.43139 13
1763482629703 0.34541 14
1763483062721 0.42339 15
1763483477514 0.45724 16
1763483893947 0.43858 17
1763484322009 0.45341 18
1763484740348 0.46565 19
1763485199611 0.45808 20
1763485641603 0.48604 21
1763486061170 0.45434 22
1763486490560 0.4535 23
1763486914786 0.47875 24
1763486958675 0.4803554267503316 24
