1763476732342 0.01208 0
1763477151134 0.01682 1
1763477574176 0.03513 2
1763477997749 0.03481 3
1763478415817 0.06367 4
1763478838764 0.0577 5
1763479256741 0.1018 6
1763479677203 0.12736 7
1763480120295 0.08979 8
1763480541138 0.13718 9
1763480969569 0.12529 10
1763481390097 0.16369 11
1763481809870 0.09265 12
1763482213454 0.18498 13
1763482629703 0.13612 14
1763483062721 0.16611 15
1763483477514 0.18102 16
1763483893947 0.17166 17
1763484322009 0.19325 18
1763484740348 0.19302 19
1763485199611 0.18879 20
1763485641603 0.19362 21
1763486061170 0.19501 22
1763486490560 0.19491 23
1763486914786 0.20129 24
1763486958675 0.20213128684535828 24
