1763476732342 0.10617 0
1763477151134 0.11834 1
1763477574176 0.23966 2
1763477997749 0.23297 3
1763478415817 0.29694 4
1763478838764 0.29966 5
1763479256741 0.41699 6
1763479677203 0.49388 7
1763480120295 0.36787 8
1763480541138 0.49614 9
1763480969569 0.44291 10
1763481390097 0.50395 11
1763481809870 0.39804 12
1763482213454 0.54872 13
1763482629703 0.46883 14
1763483062721 0.53042 15
1763483477514 0.57989 16
1763483893947 0.56106 17
1763484322009 0.57666 18
1763484740348 0.57291 19
1763485199611 0.58761 20
1763485641603 0.5939 21
1763486061170 0.58125 22
1763486490560 0.57509 23
1763486914786 0.59565 24
1763486958675 0.5955778876818449 24
