1763476732342 0.03525 0
1763477151134 0.02879 1
1763477574176 0.07869 2
1763477997749 0.08992 3
1763478415817 0.12259 4
1763478838764 0.13665 5
1763479256741 0.1824 6
1763479677203 0.23536 7
1763480120295 0.17606 8
1763480541138 0.25706 9
1763480969569 0.23652 10
1763481390097 0.27263 11
1763481809870 0.20615 12
1763482213454 0.3095 13
1763482629703 0.26114 14
1763483062721 0.2967 15
1763483477514 0.32706 16
1763483893947 0.31545 17
1763484322009 0.34684 18
1763484740348 0.33581 19
1763485199611 0.34811 20
1763485641603 0.35973 21
1763486061170 0.3528 22
1763486490560 0.35667 23
1763486914786 0.36955 24
1763486958675 0.3697580935911576 24
