1763476732342 0.20251 0
1763477151134 0.25044 1
1763477574176 0.32872 2
1763477997749 0.32236 3
1763478415817 0.48412 4
1763478838764 0.52734 5
1763479256741 0.56318 6
1763479677203 0.63901 7
1763480120295 0.43736 8
1763480541138 0.53251 9
1763480969569 0.52743 10
1763481390097 0.57598 11
1763481809870 0.43398 12
1763482213454 0.65613 13
1763482629703 0.57986 14
1763483062721 0.63814 15
1763483477514 0.67127 16
1763483893947 0.7221 17
1763484322009 0.68805 18
1763484740348 0.6363 19
1763485199611 0.6753 20
1763485641603 0.68101 21
1763486061170 0.78936 22
1763486490560 0.64581 23
1763486914786 0.66384 24
1763486958675 0.6613834407369827 24
