1763476732342 0.15018 0
1763477151134 0.18187 1
1763477574176 0.24975 2
1763477997749 0.33882 3
1763478415817 0.43072 4
1763478838764 0.41813 5
1763479256741 0.53266 6
1763479677203 0.54229 7
1763480120295 0.416 8
1763480541138 0.50947 9
1763480969569 0.48604 10
1763481390097 0.54014 11
1763481809870 0.4992 12
1763482213454 0.61432 13
1763482629703 0.53151 14
1763483062721 0.648 15
1763483477514 0.58693 16
1763483893947 0.68225 17
1763484322009 0.6104 18
1763484740348 0.60162 19
1763485199611 0.66044 20
1763485641603 0.61883 21
1763486061170 0.71857 22
1763486490560 0.65809 23
1763486914786 0.64177 24
1763486958675 0.6385017849556327 24
