1763476732342 0.25805 0
1763477151134 0.16351 1
1763477574176 0.40119 2
1763477997749 0.33396 3
1763478415817 0.304 4
1763478838764 0.28597 5
1763479256741 0.41377 6
1763479677203 0.4499 7
1763480120295 0.40787 8
1763480541138 0.48755 9
1763480969569 0.44337 10
1763481390097 0.47448 11
1763481809870 0.40437 12
1763482213454 0.50652 13
1763482629703 0.46279 14
1763483062721 0.50477 15
1763483477514 0.55764 16
1763483893947 0.47879 17
1763484322009 0.53563 18
1763484740348 0.52521 19
1763485199611 0.54408 20
1763485641603 0.53563 21
1763486061170 0.4674 22
1763486490560 0.52532 23
1763486914786 0.55432 24
1763486958675 0.5540670882006216 24
